$ANSIBLE_VAULT;1.1;AES256
64376433633930643261313336353530393465663738383735393337393064376533343731353265
6166643163663134386564336337393332393235623534380a313838623138643430396232626166
36366665616162353330376332636630303733636237326230363330653562373230343233316433
6562333234313932370a303966643339313231306463326463363437643062633533316230363261
39653765643836363933623234316337346464373537636237363663336466323665616637313863
62613434313136656639646563626430656630653933393065393139363937616339656634393065
39323333626666643263656463343031353134663466353563386630373637656433636136636130
30313733616361366330326638336338396335643964363236336430373165346266386264366662
65613132363962626630326436653438633532643535643363386461613863653838346436306161
36386466383833623539666332623262393433316563373735343935616531653930623536353033
37633637633564323437303564383735376537626266613563613962313838616564303362383430
61626431666230366438303830323632623533633432656435646265626561343264303462626238
34346435333465613966656464636536663533356565646465636535666435653336646537343066
36613437316438633661366237616430383066303239646662663937373364663462653264376433
63643761626265376231646238393235336266656437626361346639616137623862663966636538
38363737303730336131643038336531313464393265353465643366393030363365653338353835
66313735363036393363366664313061393162336135636139356234333130333230346238373837
38376339346661343037633738666635356566333239393937343535383237363761306664663837
34636138626530343639376661353331653166643936633366626462663731346630666237613038
34333733353134613337653261336337363163343432616337343834386233326336646236383534
66316532613564633065636561356433653366376235653263323361373462356134623633356539
30613435663137376263633738613336396136626662663166363831656665623838643963636236
32626162616132303762666638393166386532303566383862646562376236323333653339383062
39396264343938653965386530306434393230353036383163343431376332313563623034393635
62333263643932396331366534653930303139346237386637383264666436343766
